0 0.334028 0.655859 0.0347222 0.0554687 
0 0.223611 0.417578 0.0361111 0.0523437 
0 0.352083 0.725 0.0375 0.053125 
0 0.117361 0.498047 0.0347222 0.0585938 
0 0.397222 0.726562 0.0416667 0.0515625 
0 0.160417 0.499219 0.0375 0.0578125 
0 0.414583 0.660547 0.0347222 0.0539063 
0 0.379861 0.332031 0.0402778 0.05625 
0 0.280556 0.496875 0.0361111 0.0578125 
0 0.240278 0.497266 0.0361111 0.0585938 
0 0.201389 0.498437 0.0361111 0.0609375 
0 0.183333 0.41875 0.0361111 0.0515625 
0 0.30625 0.724219 0.0375 0.0515625 
0 0.172222 0.333594 0.0388889 0.05625 
0 0.1375 0.650781 0.0361111 0.0578125 
0 0.407639 0.580469 0.0347222 0.0609375 
0 0.05 0.332031 0.0361111 0.0546875 
0 0.215278 0.33125 0.0388889 0.059375 
0 0.305556 0.417188 0.0333333 0.0515625 
0 0.405556 0.500781 0.0361111 0.059375 
0 0.330556 0.579297 0.0361111 0.0617188 
0 0.127778 0.578516 0.0361111 0.0570313 
0 0.3375 0.332812 0.0388889 0.05625 
0 0.44375 0.727734 0.0402778 0.0523437 
0 0.372917 0.657812 0.0347222 0.0578125 
0 0.264583 0.415234 0.0375 0.0523437 
0 0.253472 0.652344 0.0319444 0.05 
0 0.422917 0.423047 0.0375 0.0539063 
0 0.0888889 0.333594 0.0388889 0.0546875 
0 0.207639 0.578516 0.0347222 0.0539063 
0 0.0875 0.578906 0.0388889 0.0546875 
0 0.133333 0.333594 0.0388889 0.0546875 
0 0.164583 0.579297 0.0347222 0.0507812 
0 0.344444 0.419141 0.0388889 0.0554687 
0 0.447222 0.502344 0.0361111 0.0671875 
0 0.295139 0.653516 0.0375 0.0539063 
0 0.215278 0.653125 0.0361111 0.05625 
0 0.370833 0.580078 0.0361111 0.0601562 
0 0.364583 0.498828 0.0375 0.0617188 
0 0.288194 0.578125 0.0347222 0.05625 
0 0.449306 0.582812 0.0347222 0.0609375 
0 0.324306 0.497656 0.0375 0.0625 
0 0.297917 0.331641 0.0375 0.0601562 
0 0.450694 0.658984 0.0319444 0.0585938 
0 0.0513889 0.232422 0.0416667 0.0773437 
0 0.259028 0.330078 0.0402778 0.0695312 
0 0.143056 0.416797 0.0388889 0.0554687 
0 0.652778 0.791797 0.05 0.0835937 
0 0.175694 0.652734 0.0347222 0.0539063 
0 0.247222 0.578906 0.0361111 0.0578125 
0 0.640278 0.463281 0.0583333 0.0796875 
0 0.645139 0.566016 0.0541667 0.0835937 
0 0.0458333 0.580078 0.0333333 0.0570313 
0 0.157639 0.233203 0.0486111 0.0789063 
0 0.0770833 0.497266 0.0347222 0.0664062 
0 0.736806 0.2375 0.0458333 0.0765625 
0 0.588889 0.567187 0.0472222 0.08125 
0 0.427083 0.230469 0.0513889 0.0921875 
0 0.102083 0.230469 0.0458333 0.08125 
0 0.694444 0.364453 0.0333333 0.0664062 
0 0.14375 0.718359 0.0402778 0.0445312 
0 0.203472 0.230469 0.0319444 0.0828125 
0 0.929167 0.348437 0.0638889 0.101562 
0 0.602083 0.362891 0.0319444 0.0695312 
0 0.306944 0.226953 0.0388889 0.0851562 
0 0.661806 0.365625 0.0319444 0.0734375 
0 0.590972 0.661719 0.0458333 0.0734375 
0 0.706944 0.790234 0.0555556 0.0835937 
0 0.602083 0.8 0.0541667 0.0765625 
0 0.768056 0.783984 0.0638889 0.0804688 
0 0.573611 0.364062 0.0277778 0.06875 
0 0.693056 0.668359 0.0416667 0.0773437 
0 0.369444 0.228906 0.0416667 0.0890625 
0 0.833333 0.477344 0.0555556 0.0765625 
0 0.688194 0.235938 0.0486111 0.075 
0 0.965972 0.576172 0.0541667 0.0914062 
0 0.547917 0.664453 0.0375 0.0789063 
0 0.934028 0.48125 0.0486111 0.0671875 
0 0.588889 0.964844 0.0861111 0.0703125 
0 0.880556 0.477734 0.0555556 0.0742188 
0 0.640972 0.662891 0.0458333 0.0726563 
0 0.738194 0.672656 0.0402778 0.0796875 
0 0.0180556 0.333203 0.0305556 0.0570313 
0 0.550694 0.465625 0.0402778 0.0828125 
0 0.786111 0.473828 0.0527778 0.0789063 
0 0.788194 0.6875 0.0541667 0.071875 
0 0.425 0.336328 0.05 0.0492188 
0 0.979861 0.478906 0.0402778 0.0796875 
0 0.553472 0.238281 0.0375 0.075 
0 0.55 0.795313 0.0472222 0.0921875 
0 0.741667 0.465234 0.05 0.0835937 
0 0.686806 0.463281 0.0486111 0.0765625 
0 0.320833 0.796484 0.0416667 0.0554687 
0 0.222917 0.717188 0.0375 0.0421875 
0 0.616667 0.241797 0.0444444 0.0679687 
0 0.915972 0.568359 0.0375 0.0679687 
0 0.8375 0.691016 0.0527778 0.0710938 
0 0.331944 0.229687 0.0361111 0.084375 
